79872
40961
2051
88069
2056
9
10
77837
17
67603
79872
2096
50
52
92213
57
34874
84031
77888
67649
36931
84035
69
77894
28743
73806
79
88143
32849
77908
26709
69718
4180
2142
63583
92255
67679
90211
14435
10343
10344
14439
82023
67697
92273
36979
79988
20597
2167
122
36987
20608
130
37011
6291
6293
150
10390
6294
22685
6302
26785
161
67749
4270
80048
18611
71860
88243
26807
183
84153
22714
18616
4284
6333
82111
88258
195
75983
6356
39125
71894
32981
86228
63701
2267
92380
222
88288
2274
232
4332
2287
8431
244
10485
12532
73977
92409
256
84225
4354
80129
57607
4364
8466
6421
14614
63767
92440
92438
283
90395
22813
6430
8481
18722
2343
20777
12591
35120
303
82225
314
92476
92479
80193
39233
90435
86344
328
78152
67912
22861
4429
335
6482
67923
90452
41303
63833
14685
6498
358
360
2418
78196
22905
4474
379
29065
398
399
90519
63899
90524
24990
418
14759
8615
27051
428
76204
88491
72116
25014
441
4537
92607
90562
452
18887
8652
88525
35279
70096
464
467
78292
27093
92628
10711
74201
90585
79872
2
2051
4
88069
79879
2056
8
9
11
16395
77837
73740
71698
67603
34838
26656
24608
36
14373
30759
77864
41
90156
20525
2096
6193
50
92213
4152
57
84031
67649
36931
84035
69
77894
71751
28743
12366
88143
79
71761
77908
26709
69718
2142
92255
63583
71778
14435
90211
24678
10343
10344
14439
82025
73838
88176
79988
20597
2167
122
36987
126
20608
22657
88194
135
6291
37011
6293
150
10390
6294
22685
26785
161
67749
10414
4270
80048
2224
18611
32947
71860
26807
84153
22714
8378
4284
6333
82111
193
195
39111
2248
75983
12496
86228
6356
71894
86230
2267
92380
222
88288
88292
4332
8431
2287
12532
10485
244
92409
73977
256
84225
4354
80129
57607
4364
92440
2330
283
22813
8481
90404
2341
2343
20777
2350
303
35120
12591
57653
314
80193
39233
67912
86344
328
4429
22861
335
67923
90452
10582
41303
14685
67934
6498
74087
18791
2418
92531
16758
22905
379
4480
20867
76171
398
399
90519
63899
90523
90524
24990
418
8615
423
428
27057
4537
442
441
92607
449
33219
452
18887
12745
88525
70096
467
78292
27093
92628
10711
90585
474
74201
39399
8681
20970
494
508
29181
27137
68100
6669
86553
31261
2590
10783
21027
86564
6703
10799
35375
562
57907
4660
10804
90683
68156
92736
37443
12868
8776
21066
598
78423
6744
16987
88669
19039
12898
2661
66149
6759
10856
4713
10861
31341
10863
92787
25206
92790
632
31353
630
33401
88702
4735
92801
2689
8839
37513
651
656
658
76435
84629
76441
29337
669
76448
88736
64163
15012
90799
689
86710
68293
41669
27337
64203
86734
31443
8915
2774
86742
58073
2780
66271
58079
735
10978
33509
80615
15089
8946
756
25332
2806
757
92925
90880
769
2823
82698
74510
82703
785
80658
786
92948
33557
92950
72473
35611
31515
11045
807
17191
90922
70446
27439
15152
62279
31561
88906
86860
844
78672
31571
11097
9059
13157
21349
13162
15211
88946
74613
23416
2937
80767
82819
66437
86920
80779
907
915
19347
917
17301
15255
5017
91043
933
72615
21419
940
942
80816
82868
41909
2999
9149
29635
5070
86992
87002
9179
87004
25565
64475
91099
997
89067
7147
21483
93168
39921
93169
35827
93172
29693
11265
76804
91143
70668
87055
23571
1048
3097
85016
7200
13348
87077
85032
13352
9258
93226
9261
66605
62515
31801
23610
64575
5194
93262
19536
15441
72788
76885
31833
93278
7274
1133
3181
1135
13425
62581
13435
78972
1149
66689
1155
5255
83084
17561
64667
9388
9390
27831
87228
1215
9407
36031
23748
27847
7373
87246
21710
21709
89302
68823
68826
1247
87265
91362
25827
85217
68833
42215
91367
7400
72940
21741
81134
3311
17648
79085
7417
17659
3326
83202
27907
72962
1287
42249
79115
27915
81165
72973
27921
29973
13590
19736
91418
87324
85281
70946
77091
29991
3368
85289
85290
38183
3374
27953
58675
83252
32051
85302
9528
1337
81212
5441
13636
85320
34121
5450
64845
81231
93520
36177
3408
89423
15696
1365
7513
85342
32095
83300
85350
93545
7531
7538
36211
34165
89466
85373
9601
7558
7571
13727
87457
11681
36259
91558
13735
5545
5547
7596
85421
1453
9649
28087
85434
85436
85439
93632
19904
87493
1478
40391
3526
1490
15826
67029
1498
17888
64995
85479
87531
87534
1523
17910
85495
85497
9724
69118
11779
32263
19975
89610
9740
69132
38415
11793
91674
13852
63005
69152
79393
75296
7735
67129
60987
22078
9790
26182
15949
67153
91731
77397
26201
30297
87645
85598
26207
30305
3686
61031
81516
20081
75378
30325
1655
3706
26235
67199
7807
40575
9856
18051
79497
71305
85645
3729
26260
24213
79513
85660
32415
85665
85667
85670
16041
85674
11946
5802
24238
38575
11952
1710
20147
30397
11966
65215
34499
28357
34503
79560
16077
63185
81622
85719
3798
1758
89823
75486
75493
22247
16109
1775
14072
7942
3848
93961
14091
26384
85776
75538
20243
63259
79652
14122
81708
59181
36661
85815
59197
59203
10054
16200
87882
18260
8023
5976
5980
79711
28513
22369
5993
94059
79725
32637
30591
65409
8067
28549
77705
89995
81804
69522
14230
85910
6041
8092
73636
4008
32683
32689
81849
63421
30653
90053
71628
1997
4051
79830
71638
10201
88026
77793
75747
88040
6122
73707
81901
4080
22512
92158
75775
