79872
40961
2051
88069
2056
9
10
77837
17
67603
34838
90134
67611
6172
24608
2081
34
81953
36
30759
77864
41
71722
90156
45
2096
50
2099
57
84031
67649
36931
84035
69
71751
77898
90189
73806
88143
32849
6226
87
2140
2142
90211
14439
10344
10343
14441
79976
73836
108
73838
67697
10356
79988
2167
121
122
20608
73857
135
6288
145
37011
6291
150
10390
8348
6302
161
26785
67749
2216
4270
73903
80048
4273
32947
71860
18611
84153
22714
8378
4284
82111
193
195
6341
30925
75983
86228
32981
71894
6356
2267
4323
88292
82150
28905
4332
8431
2287
239
12532
10485
246
73977
8443
256
84225
4354
8450
57607
4364
283
285
8481
2341
20777
4398
12591
35120
303
2350
82225
57653
314
80193
39233
90435
67912
328
10572
4429
335
22866
67923
90452
2393
14685
6498
358
2418
24948
16758
22905
379
380
29055
20867
398
90519
4506
63899
90523
413
14751
78242
418
14759
8615
68008
27051
76204
430
438
4537
441
90562
452
8652
88525
467
27093
84441
474
90585
74201
39399
494
2544
80379
508
27137
517
6663
6669
80399
10771
86553
4634
10780
31261
2590
86564
23078
80424
12840
554
35375
562
57907
4660
90683
68156
2620
2623
37443
8772
8776
12872
14922
39501
90709
78423
6744
70231
605
66149
617
12914
627
25206
632
31353
633
88702
19075
8839
37513
25234
658
76435
17047
76441
29337
669
88736
76448
84641
64163
15012
10917
23210
688
689
86710
68282
78528
68293
41669
70344
64203
718
86734
86742
58073
62169
66271
10978
33509
80615
743
752
15089
756
25332
2806
88826
66302
90880
90882
771
2823
19207
82698
15116
74510
82703
80658
786
33557
72473
86810
35611
4899
11045
807
2855
17191
90922
70446
27439
15152
815
822
70465
33605
838
62279
841
844
86860
78672
31571
62293
72543
2913
21349
23399
2920
2923
88946
68469
2937
80767
895
86920
80779
907
19347
917
21400
5017
91043
21419
2987
940
80816
82868
41909
68534
82869
9149
27583
91085
86995
87002
64475
87004
91099
80864
3042
997
89067
21483
68592
39921
15350
1017
29693
7169
11265
39937
76804
85001
70668
21518
87055
23571
3093
85016
3097
3098
3096
91163
5159
85032
85031
9258
89138
1075
23610
1094
37963
1100
11341
15437
72788
78933
1113
13404
74850
1131
1133
91247
1139
62581
5252
83084
9366
79005
91303
62639
27831
87228
9407
1215
36031
23748
27847
44233
64715
44237
87246
7373
7376
87251
21716
27861
89302
1247
85217
87265
68833
7397
42215
7400
31975
87275
72940
81134
79088
72946
7417
17659
3326
83202
27907
5380
15618
1287
36105
42249
72973
27921
11540
87317
19736
91418
75034
87324
87328
85280
70946
77091
85281
3368
85289
85290
11563
62763
40237
77102
27953
83252
85302
1337
85307
81212
85309
1342
5441
30017
58689
27975
5450
79181
64845
81231
91474
81236
1365
30039
85337
25949
85342
83300
85350
7531
89455
7538
36211
58741
89466
25981
85374
9601
85378
85382
30097
7571
1428
89491
73115
75165
1437
13727
66976
38307
91558
5547
7596
85421
7601
9649
28087
85436
69054
19904
1475
1478
24006
9672
5577
89544
40391
3534
15826
67029
5595
13790
17888
64995
11748
85479
87531
11757
87534
1523
17910
13817
91642
85497
9724
69118
67072
85510
32263
89610
5642
69132
9740
85523
63005
1566
75296
79393
5666
85540
1574
87599
89647
69173
7735
22078
91718
67153
1617
91731
69204
38483
40531
30297
87645
26207
30305
87651
85607
81516
20081
75378
3698
89715
30325
20085
30327
1655
3706
26235
65147
61053
67199
9856
18051
71305
79497
85645
26260
79513
85660
85665
85667
9891
69286
1705
85674
28329
11952
59057
85684
14007
67257
65211
11966
65215
75456
20158
28357
63185
81622
85719
1758
89823
16094
75493
89831
67310
14072
1791
7942
7946
14091
79626
26384
89877
34583
16152
14103
10013
22305
79652
14122
59181
3888
22325
26425
5946
85819
59197
81730
81732
10053
10054
16200
87882
89933
1872
12114
18260
5976
5980
75613
79711
12127
22369
5988
89959
5991
36713
5993
79723
79725
32625
85879
10104
22400
65409
38787
28549
81804
24464
69522
1939
90006
14230
6041
20379
8092
26525
30619
28583
32683
77746
90041
63421
4033
14274
75715
71624
71628
71638
24536
88026
12253
75747
83940
63463
88040
81901
4080
