19497
19501
42703
42722
42834
42844
42885
42955
43224
43233
43249
43283
43287
43313
43340
43359
43372
43381
43389
43409
43413
43432
43449
43454
43488
43494
43519
43544
43573
43605
43623
43646
43652
43681
43702
43745
43761
43778
43821
43859
43872
43883
43885
43910
43923
43924
43954
43967
43983
44004
44018
44046
44050
44064
44077
44109
44171
44370
44393
44415
44450
44478
44492
44505
62146
62171
51410
54697
55098
55099
55400
55459
55527
55609
55610
56013
56198
56251
56253
56367
56382
56417
56473
56489
56490
56509
56636
56637
56725
56810
56815
56839
56867
57059
57072
57155
57421
57431
57536
57715
58047
58062
58077
58181
58194
58328
58334
58336
58338
58430
58431
58433
58438
58440
58441
58442
58443
58444
58446
58474
58475
58477
58478
58481
58496
58497
58528
58529
58530
58539
58562
58574
58581
58585
58597
58599
58695
58697
58712
58752
58758
58785
58791
58841
58864
58870
58882
59008
59050
59059
59184
59212
59284
59295
59296
59309
59336
59395
59454
59516
59519
59522
59534
59535
59552
59565
59568
59599
59637
59797
59805
59810
59815
59862
59903
59907
59933
60038
60049
60102
60158
60197
60236
60237
60329
60331
60333
60414
60421
60473
60498
60499
60500
60501
60538
60597
60598
60626
60630
60718
60724
60745
60867
60893
61002
61003
61047
61051
61058
61223
61225
61268
61453
61480
61498
61499
61523
61524
61525
61528
61529
61577
61638
61807
61808
61809
61877
62892
62893
62894
62895
62941
63016
63172
63177
63179
63186
63230
63260
63287
63365
63413
63425
63463
63505
63511